image: /home/ras/ras-chris/Data/cart_map.pgm
resolution: 0.050000
origin: [-1.065626, -8.050000, 0.000000]
negate: 0
occupied_thresh: 0.65
free_thresh: 0.196

