image: /home/ras/ras-chris/Data/mymap.pgm
resolution: 0.050000
origin: [-3.400000, -3.612670, 0.000000]
negate: 0
occupied_thresh: 0.65
free_thresh: 0.196

